    3.5260    3.5180    3.5860    5.4490    0.9330    0.3930    0.4320    0.3280    0.3930    0.3450   50.0000    3.0000
    3.0060    3.1490    3.4330    4.8340    0.8140    0.4460    0.7430    0.3620    0.4460    0.4350   50.0000    1.0000
    3.4510    3.4260    3.7460    5.5050    0.8040    0.5320    0.7590    0.4630    0.5320    0.4850   50.0000    1.0000
    3.3500    3.2470    3.5960    4.9350    0.7150    0.5290    0.6480    0.4400    0.5290    0.3640   60.0000    1.0000
    2.9250    2.7960    3.2500    4.6950    0.8600    0.4670    0.5880    0.3980    0.4670    0.4300   30.0000    1.0000
    3.4150    3.5820    3.9430    4.9970    0.6410    0.4180    0.5860    0.3640    0.4180    0.4020   30.0000    4.0000
    2.7480    2.5580    2.7030    4.4340    0.7300    0.5370    0.7540    0.4580    0.5370    0.4110   50.0000    3.0000
    3.0640    2.9950    3.3720    4.5580    0.7850    0.4740    0.6450    0.3680    0.4740    0.3530   40.0000    1.0000
    3.1990    3.0630    3.4030    4.5570    0.6880    0.4320    0.6350    0.3850    0.4320    0.5140   60.0000    1.0000
    3.3290    3.2360    3.6530    4.7380    0.9420    0.3680    0.5490    0.3110    0.3680    0.3460   70.0000    1.0000
    2.8650    3.1210    3.2180    4.5130    0.6770    0.5080    0.6500    0.3850    0.5080    0.4760   50.0000    1.0000
    3.4900    3.7230    3.7440    5.0930    0.5930    0.4110    0.5460    0.3520    0.4110    0.4080   70.0000    1.0000
    2.6080    2.9250    2.9370    4.3940    0.9300    0.4690    0.7760    0.4160    0.4690    0.3800   50.0000    1.0000
    3.0080    3.0340    3.3470    4.7240    0.8210    0.4760    0.7010    0.4560    0.4760    0.4430   50.0000    1.0000
    3.3310    3.4180    3.5100    4.7840    0.9840    0.4210    0.5640    0.3070    0.4210    0.4180   60.0000    1.0000
    3.1750    3.2200    3.5200    4.3360    0.6790    0.4660    0.7320    0.4070    0.4660    0.4440   60.0000    1.0000
    2.8530    2.9120    3.1150    4.0060    0.7690    0.4930    0.6680    0.4340    0.4930    0.3680   20.0000    4.0000
    3.2420    3.3830    3.6590    4.7220    0.8590    0.4330    0.5930    0.3650    0.4330    0.5270   30.0000    1.0000
    2.9090    3.2170    3.1990    4.7750    1.0610    0.5100    0.6620    0.4340    0.5100    0.4850   30.0000    1.0000
    3.5020    3.3540    3.5890    5.7750    0.7330    0.4410    0.5090    0.3630    0.4410    0.3500   30.0000    1.0000
    3.2320    3.4730    3.4460    4.7690    0.8340    0.4840    0.5260    0.3360    0.4840    0.4730   40.0000    3.0000
    3.4160    3.3270    3.4730    3.9710    0.6940    0.5250    0.6900    0.4200    0.5250    0.3330   50.0000    4.0000
    3.4100    3.3460    3.7160    5.0220    0.6370    0.4920    0.6830    0.3930    0.4920    0.3820   30.0000    1.0000
    2.6640    2.9630    3.0870    4.2080    0.8430    0.5030    0.5730    0.3800    0.5030    0.4540   20.0000    1.0000
    3.9530    3.8970    4.0400    5.6000    0.9170    0.4440    0.5660    0.3680    0.4440    0.3780   30.0000    3.0000
    3.4000    3.7950    3.5640    5.3830    0.9150    0.5050    0.7700    0.4220    0.5050    0.4370   70.0000    1.0000
    3.2210    3.3430    3.5990    4.9560    0.5750    0.4180    0.5950    0.4170    0.4180    0.4600   60.0000    1.0000
    2.8580    2.9530    3.5830    4.5630    0.6220    0.3840    0.6910    0.3740    0.3840    0.4430   20.0000    4.0000
    3.8790    3.6610    4.2180    5.5590    0.5800    0.4790    0.7580    0.3990    0.4790    0.4300   40.0000    1.0000
    2.9120    3.1370    3.3820    4.3710    0.7550    0.4530    0.6640    0.4030    0.4530    0.4210   70.0000    1.0000
    3.4130    3.4810    3.6570    5.2150    0.6110    0.5190    0.7010    0.4080    0.5190    0.4020   20.0000    5.0000
    3.4310    3.4060    3.6790    4.6510    0.7780    0.4230    0.6780    0.3530    0.4230    0.3170   60.0000    1.0000
    3.7330    3.4250    3.5710    5.0830    0.7390    0.4650    0.5860    0.4060    0.4650    0.4830   50.0000    1.0000
    3.1900    3.1690    3.4170    4.5790    0.8620    0.4850    0.5820    0.4320    0.4850    0.3440   60.0000    3.0000
    3.9540    3.8210    4.3450    5.9600    0.9580    0.4340    0.6300    0.3740    0.4340    0.3540   30.0000    1.0000
    3.5730    3.5450    4.0820    5.2250    0.9310    0.5480    0.6910    0.4400    0.5480    0.4560   30.0000    1.0000
    3.6820    3.5890    3.5160    5.4970    0.8330    0.4720    0.6360    0.4390    0.4720    0.4230   30.0000    1.0000
    3.2090    3.5100    3.7690    5.0470    0.9160    0.4350    0.6590    0.3930    0.4350    0.5010   40.0000    1.0000
    3.4180    3.6900    3.9070    4.2720    0.7100    0.3980    0.4400    0.3170    0.3980    0.3330   40.0000    1.0000
    3.0480    3.1520    3.6160    4.5030    0.7220    0.4510    0.6230    0.3800    0.4510    0.4190   70.0000    1.0000
    3.1590    3.2100    3.3800    4.0670    0.7160    0.3990    0.5970    0.3570    0.3990    0.3700   70.0000    1.0000
    3.1160    3.1630    3.4080    4.8550    0.5420    0.4610    0.6090    0.3650    0.4610    0.4610   30.0000    1.0000
    3.5600    3.6960    3.8890    4.9690    0.8490    0.4390    0.6350    0.3520    0.4390    0.3810   40.0000    1.0000
    3.1810    3.2360    3.2910    5.0760    0.9500    0.6090    0.7520    0.4830    0.6090    0.4410   20.0000    5.0000
    2.9870    3.0230    3.3600    4.6660    0.7470    0.5180    0.7960    0.4770    0.5180    0.4790   50.0000    1.0000
    3.3690    3.2310    3.5260    4.8660    0.8170    0.5010    0.7320    0.3990    0.5010    0.4570   60.0000    1.0000
    3.0760    2.9960    3.2790    5.0370    0.6490    0.4460    0.6030    0.3870    0.4460    0.4290   20.0000    1.0000
    2.7500    2.7410    3.2760    4.4490    0.6260    0.5020    0.7350    0.4750    0.5020    0.3960   60.0000    1.0000
    3.9680    4.0030    4.1040    5.5560    0.9050    0.5250    0.6410    0.4010    0.5250    0.3870   30.0000    3.0000
    3.4540    3.3340    3.5580    4.9730    0.8750    0.4870    0.5940    0.4210    0.4870    0.4660   30.0000    1.0000
    3.3000    3.3290    3.6350    4.8360    0.8200    0.4750    0.5680    0.4190    0.4750    0.4300   70.0000    1.0000
    3.5650    3.5580    3.7550    5.4060    0.8190    0.5520    0.6820    0.4260    0.5520    0.4680   70.0000    3.0000
    3.0090    3.2390    3.4690    5.1930    0.8330    0.4820    0.7610    0.4130    0.4820    0.4920   50.0000    1.0000
    3.0610    3.2460    3.1350    4.8120    0.6980    0.4650    0.7150    0.4280    0.4650    0.3360   30.0000    1.0000
    3.0940    3.0520    3.4330    5.6120    0.8380    0.4430    0.7080    0.4300    0.4430    0.4130   70.0000    1.0000
    3.1020    3.4910    3.5510    5.6780    0.9160    0.5110    0.6190    0.3990    0.5110    0.4420   40.0000    1.0000
    3.8600    3.9500    4.0090    5.5230    0.9070    0.4990    0.6640    0.3990    0.4990    0.3600   70.0000    1.0000
    3.7480    3.8020    3.9210    5.1470    0.7140    0.4200    0.6790    0.3730    0.4200    0.4350   70.0000    1.0000
    3.3660    3.4890    3.5450    5.7990    0.8430    0.5810    0.8890    0.4520    0.5810    0.4820   30.0000    1.0000
    3.1920    3.6110    3.5940    4.3410    0.5660    0.3860    0.6140    0.3380    0.3860    0.3640   40.0000    1.0000
    2.7080    2.9160    3.0380    4.3170    0.8010    0.5070    0.6310    0.4510    0.5070    0.4640   60.0000    1.0000
    3.3310    3.6210    3.7020    4.5680    0.6960    0.4980    0.7250    0.4040    0.4980    0.4390   60.0000    1.0000
    3.6590    3.8090    3.8740    5.1990    0.7680    0.4780    0.6670    0.3660    0.4780    0.3790   30.0000    4.0000
    3.0110    3.2310    3.2140    5.1890    0.8130    0.5130    0.6280    0.4150    0.5130    0.3560   30.0000    3.0000
    3.1680    3.0630    3.2230    4.8380    0.6940    0.4420    0.6440    0.3850    0.4420    0.4660   60.0000    1.0000
    3.0910    3.2500    3.2590    4.8170    0.8520    0.4280    0.5950    0.3610    0.4280    0.3350   20.0000    5.0000
    3.7080    3.9710    4.0900    5.6600    1.0530    0.4610    0.6820    0.3750    0.4610    0.4910   40.0000    1.0000
    3.2330    3.3540    3.5050    5.7490    0.8300    0.4720    0.6880    0.4660    0.4720    0.3640   60.0000    1.0000
    3.2610    3.4480    3.7210    5.2220    0.6980    0.4150    0.5470    0.3520    0.4150    0.3730   70.0000    1.0000
    2.8210    2.7710    3.0300    4.3620    0.8080    0.5310    0.6560    0.4190    0.5310    0.3980   50.0000    1.0000
    2.8830    3.1190    3.2780    4.3730    0.7330    0.4440    0.6540    0.3750    0.4440    0.4740   40.0000    1.0000
    2.8750    3.1240    3.2830    4.4700    0.7630    0.4590    0.5850    0.3880    0.4590    0.4840   30.0000    1.0000
    2.9570    3.1170    3.2610    4.8350    0.6600    0.4110    0.6230    0.3590    0.4110    0.3450   60.0000    1.0000
    3.2960    3.4840    3.8970    5.4120    0.8600    0.4360    0.7270    0.3720    0.4360    0.3840   20.0000    5.0000
    3.1690    3.3140    3.3480    4.7910    0.8300    0.4000    0.6500    0.3680    0.4000    0.3960   20.0000    4.0000
    3.9970    3.9380    4.1150    6.1890    0.9410    0.4830    0.7630    0.3650    0.4830    0.4370   50.0000    1.0000
    3.0310    3.3940    3.2740    5.2370    0.8020    0.4510    0.6120    0.4490    0.4510    0.3090   40.0000    1.0000
    3.1500    3.0730    3.2320    5.1950    0.6460    0.4550    0.6310    0.3760    0.4550    0.3980   70.0000    3.0000
    3.7740    3.7920    4.1700    5.9260    0.7950    0.4630    0.7000    0.3820    0.4630    0.4310   40.0000    1.0000
    3.8020    3.8530    3.8890    5.3330    0.6810    0.3570    0.6410    0.3530    0.3570    0.3610   30.0000    1.0000
    3.3020    3.1810    3.5000    5.4570    0.6660    0.4910    0.7010    0.3840    0.4910    0.3130   70.0000    3.0000
    3.3580    3.3990    3.7970    5.4450    0.6520    0.4850    0.6350    0.3990    0.4850    0.4450   40.0000    1.0000
    3.8000    3.7210    3.7810    5.8760    0.8100    0.4380    0.5410    0.3730    0.4380    0.3870   30.0000    3.0000
    3.0920    3.3150    3.4560    4.9000    0.9370    0.4880    0.7320    0.4360    0.4880    0.4030   30.0000    1.0000
    2.9430    2.6960    3.1170    4.5590    0.6140    0.5160    0.6750    0.3620    0.5160    0.3940   20.0000    1.0000
    3.2060    3.1990    3.4140    4.8310    0.5050    0.4610    0.7300    0.4130    0.4610    0.4000   70.0000    1.0000
    2.7380    2.9390    2.9880    4.3680    0.7310    0.5830    0.7770    0.4620    0.5830    0.4420   50.0000    1.0000
    3.7350    3.9100    4.1190    5.8310    0.8390    0.4630    0.7380    0.4100    0.4630    0.3500   60.0000    1.0000
    3.4840    3.5910    3.7130    5.6180    0.6800    0.4170    0.6990    0.4150    0.4170    0.4630   40.0000    1.0000
    4.0020    4.0010    4.3010    5.5820    0.9520    0.4290    0.5270    0.3760    0.4290    0.4350   40.0000    1.0000
    3.0440    3.1620    3.5960    4.7370    0.7200    0.5220    0.7260    0.4060    0.5220    0.5190   20.0000    1.0000
    3.4900    3.6100    3.8660    5.4680    0.9140    0.5320    0.6820    0.3900    0.5320    0.4980   50.0000    1.0000
    3.3350    3.4210    3.5030    4.9930    0.7830    0.4330    0.6500    0.3050    0.4330    0.4230   70.0000    1.0000
    3.4900    3.5740    3.9370    5.2650    0.7950    0.4410    0.7230    0.4180    0.4410    0.4650   40.0000    1.0000
    3.5310    3.5410    3.7980    5.3830    0.8660    0.4820    0.6130    0.3220    0.4820    0.4500   20.0000    1.0000
    3.5230    3.5730    3.7380    5.3780    1.0090    0.4700    0.6990    0.3980    0.4700    0.4330   20.0000    1.0000
    3.0850    3.3560    3.2840    5.0830    0.8380    0.4440    0.7390    0.4080    0.4440    0.4670   40.0000    1.0000
    3.1700    2.9320    3.3290    4.5340    0.5940    0.4840    0.6010    0.3630    0.4840    0.3140   70.0000    3.0000
    3.1710    3.4100    3.5230    4.8150    0.9010    0.4680    0.6400    0.4190    0.4680    0.3350   20.0000    5.0000
    2.8170    2.8890    3.0470    4.4720    0.6730    0.5450    0.7620    0.4590    0.5450    0.4420   50.0000    1.0000
    3.4820    3.5550    3.6530    5.4540    0.8830    0.4800    0.6170    0.4260    0.4800    0.4140   40.0000    1.0000
    3.9550    4.0630    3.8940    6.0050    0.8900    0.5000    0.6910    0.4460    0.5000    0.3270   40.0000    1.0000
    3.0970    2.9850    3.2870    4.6550    0.7250    0.4440    0.5750    0.3630    0.4440    0.3810   40.0000    1.0000
    3.0130    2.9850    3.1280    4.9570    0.8050    0.5110    0.5680    0.4430    0.5110    0.3850   50.0000    1.0000
    2.7280    2.8410    3.3140    5.2730    0.9650    0.4860    0.6210    0.3920    0.4860    0.3990   30.0000    1.0000
    3.2760    3.1180    3.4400    4.8930    0.9650    0.5400    0.6990    0.4020    0.5400    0.4330   70.0000    3.0000
    4.0530    4.1630    4.4320    6.2020    0.7110    0.4120    0.5170    0.3100    0.4120    0.4220   50.0000    1.0000
    3.3540    3.2010    3.3820    5.3730    0.6120    0.4990    0.6840    0.4380    0.4990    0.4080   50.0000    1.0000
    3.3200    3.2120    3.3720    4.4880    0.8010    0.4850    0.6460    0.3830    0.4850    0.3670   70.0000    1.0000
    3.3410    3.3950    3.6290    4.5910    0.7700    0.4790    0.7520    0.4070    0.4790    0.4180   30.0000    4.0000
    3.3450    3.4400    3.7980    5.4490    0.5170    0.4680    0.7490    0.3740    0.4680    0.3480   30.0000    1.0000
    3.2530    3.2190    3.8550    5.6030    0.9330    0.4490    0.6730    0.3500    0.4490    0.3900   50.0000    1.0000
    3.2920    3.4400    3.4440    4.7440    0.6590    0.4910    0.7160    0.3820    0.4910    0.4370   70.0000    3.0000
    3.6860    3.5870    3.8600    5.0730    0.6240    0.5070    0.6510    0.4320    0.5070    0.4200   20.0000    4.0000
    3.4990    3.5360    3.9530    4.8340    0.8010    0.4520    0.5970    0.3890    0.4520    0.3540   50.0000    1.0000
    3.9870    3.9460    4.1410    6.1350    0.7030    0.5110    0.7250    0.4600    0.5110    0.4150   60.0000    1.0000
    3.2130    3.3680    3.6700    4.8830    0.8450    0.4900    0.7150    0.4240    0.4900    0.4710   70.0000    1.0000
    2.9390    3.0070    3.5090    4.8090    0.9370    0.5120    0.6840    0.4030    0.5120    0.3210   60.0000    1.0000
    3.9080    3.9390    4.1690    6.1070    0.9480    0.4050    0.5600    0.3500    0.4050    0.3720   50.0000    1.0000
    3.1270    3.2380    3.1200    4.8950    0.7040    0.4930    0.6460    0.4110    0.4930    0.3660   50.0000    1.0000
    3.2670    3.1960    3.5320    4.9750    0.7400    0.5240    0.8240    0.4000    0.5240    0.4560   40.0000    1.0000
    2.6340    2.7380    2.9520    4.2100    0.8200    0.4530    0.6290    0.4000    0.4530    0.4440   40.0000    1.0000
    3.5580    3.6130    4.2210    5.4070    0.8300    0.4010    0.5800    0.3580    0.4010    0.4550   40.0000    1.0000
    3.4330    3.4180    3.5530    4.3990    0.7600    0.4960    0.6860    0.4460    0.4960    0.5030   70.0000    1.0000
    3.3110    3.3440    3.4130    4.9090    0.6460    0.5080    0.5920    0.3870    0.5080    0.4150   70.0000    3.0000
    3.7010    3.7120    3.7490    4.8160    0.8030    0.4210    0.6730    0.3530    0.4210    0.3580   50.0000    1.0000
    2.9850    3.0500    3.0110    4.8570    0.6410    0.4750    0.7620    0.4170    0.4750    0.3860   40.0000    1.0000
    3.5100    3.6100    3.9140    5.3550    0.7030    0.4630    0.6890    0.4020    0.4630    0.4460   60.0000    1.0000
    3.2940    3.2830    3.7510    4.8870    0.7830    0.4690    0.6370    0.3820    0.4690    0.4390   50.0000    1.0000
    3.5520    3.4250    3.8200    5.7970    0.6170    0.6200    0.7670    0.4430    0.6200    0.3980   70.0000    1.0000
    3.1250    3.0190    3.5330    4.0940    0.8880    0.4720    0.6290    0.3900    0.4720    0.3920   70.0000    3.0000
    2.3330    2.5460    2.8090    4.2330    0.7700    0.5050    0.7310    0.4420    0.5050    0.4320   60.0000    1.0000
    3.9870    3.5860    4.1980    5.8360    0.8760    0.4870    0.6020    0.3990    0.4870    0.4870   50.0000    2.0000
    3.5100    3.5940    3.7470    4.9060    0.8670    0.4950    0.6460    0.3980    0.4950    0.3940   70.0000    1.0000
    3.0850    3.2360    3.6060    5.7810    0.7260    0.5380    0.6540    0.4300    0.5380    0.3580   30.0000    1.0000
    3.6760    3.6250    3.9270    6.2060    0.7870    0.4730    0.6400    0.4280    0.4730    0.3910   50.0000    1.0000
    2.7360    2.7920    3.0170    4.9520    0.6950    0.4900    0.7050    0.4270    0.4900    0.5040   40.0000    1.0000
    3.6010    3.5090    3.6560    4.9820    0.6650    0.5100    0.7190    0.4340    0.5100    0.4220   40.0000    1.0000
    3.1820    3.1450    3.3320    5.1490    0.7830    0.4670    0.7140    0.4090    0.4670    0.3690   50.0000    1.0000
    2.9720    3.1590    3.1730    4.4500    0.6990    0.4300    0.6270    0.3210    0.4300    0.3650   70.0000    3.0000
    3.6060    3.4810    3.7620    5.4650    0.9210    0.4950    0.6980    0.4540    0.4950    0.4920   50.0000    1.0000
    3.4580    3.1910    3.6570    4.8360    0.6770    0.3420    0.6240    0.3510    0.3420    0.3070   50.0000    1.0000
    4.2220    4.2190    4.4200    5.4900    0.8170    0.4770    0.6250    0.3930    0.4770    0.3820   60.0000    1.0000
    3.0570    3.0200    3.5910    4.2200    0.5380    0.5090    0.7100    0.4160    0.5090    0.4580   30.0000    1.0000
    3.2670    3.4100    3.5590    4.9760    0.7270    0.4900    0.7120    0.4000    0.4900    0.4340   40.0000    1.0000
    3.3460    3.4430    3.7160    4.9420    0.7870    0.5490    0.6540    0.4410    0.5490    0.4550   40.0000    1.0000
    3.5960    3.4240    3.6340    4.8060    0.8100    0.3550    0.6600    0.3080    0.3550    0.4050   20.0000    4.0000
    4.0230    3.8390    4.0020    5.2650    0.7610    0.5140    0.6660    0.4260    0.5140    0.3940   40.0000    1.0000
    3.0410    3.1260    3.3800    4.9620    0.8810    0.5080    0.7460    0.4360    0.5080    0.4660   20.0000    1.0000
    3.3410    3.5690    3.7790    5.0610    0.7150    0.4470    0.6570    0.3790    0.4470    0.3720   20.0000    4.0000
    3.5550    3.9660    3.8510    5.1900    0.6860    0.5120    0.7640    0.4160    0.5120    0.5030   20.0000    5.0000
    2.8700    2.9660    3.0010    4.5310    0.4830    0.5110    0.5860    0.4330    0.5110    0.4440   30.0000    3.0000
    3.1330    3.1500    3.6500    4.5720    0.6450    0.4900    0.6220    0.4580    0.4900    0.3820   70.0000    1.0000
    3.4220    3.4850    3.6620    5.7080    0.9400    0.4860    0.5960    0.3650    0.4860    0.4380   50.0000    3.0000
    3.8320    3.8370    4.0210    4.9800    0.7810    0.4420    0.5590    0.3960    0.4420    0.4090   20.0000    4.0000
    3.5760    3.5890    3.5930    5.0090    0.8330    0.4520    0.6280    0.3670    0.4520    0.3830   60.0000    1.0000
    3.2420    3.3770    3.4900    4.7120    0.7220    0.4850    0.6630    0.3850    0.4850    0.4190   30.0000    4.0000
    3.6110    4.0630    4.0720    5.8930    0.5500    0.4770    0.6620    0.4200    0.4770    0.3280   40.0000    1.0000
    3.5440    3.4990    3.5480    5.3490    0.7510    0.5290    0.6820    0.4420    0.5290    0.4390   60.0000    1.0000
    3.0340    2.9230    3.1730    4.3950    0.7930    0.5030    0.6020    0.4040    0.5030    0.3760   40.0000    1.0000
    3.1960    3.3630    3.6700    4.3670    0.6660    0.4540    0.6320    0.3720    0.4540    0.3650   70.0000    1.0000
    2.6850    2.9810    3.0380    3.7990    0.9000    0.4620    0.6740    0.3820    0.4620    0.4400   20.0000    4.0000
    3.2490    3.1170    3.5450    4.8530    0.7980    0.4620    0.5520    0.4030    0.4620    0.3750   20.0000    4.0000
    3.0500    3.3650    3.4610    4.4500    0.7150    0.5230    0.7730    0.4620    0.5230    0.3840   20.0000    4.0000
    3.9270    3.8950    4.2170    5.8650    0.8200    0.4580    0.6380    0.3750    0.4580    0.3980   40.0000    1.0000
    2.6600    3.0120    3.1710    4.2500    0.9030    0.5580    0.5310    0.4020    0.5580    0.4020   30.0000    2.0000
    3.8450    3.9060    4.2290    5.8770    0.8230    0.5450    0.6500    0.4440    0.5450    0.4470   30.0000    1.0000
    2.9110    3.2010    3.3850    5.5060    0.9210    0.4240    0.6520    0.3950    0.4240    0.4060   20.0000    1.0000
    3.3060    3.2650    3.3620    4.6550    0.9570    0.5240    0.7200    0.4170    0.5240    0.4680   20.0000    4.0000
    3.0740    3.0720    3.4680    4.5120    0.7500    0.4530    0.6400    0.4560    0.4530    0.4050   30.0000    1.0000
    2.9940    2.9970    3.3620    4.9300    0.7980    0.5150    0.7400    0.4850    0.5150    0.5190   20.0000    1.0000
    3.8660    3.9420    4.0380    5.3100    0.8180    0.4130    0.5170    0.3000    0.4130    0.4600   50.0000    1.0000
    3.3790    3.5000    3.4500    5.4970    0.7550    0.4820    0.6750    0.3980    0.4820    0.3750   70.0000    1.0000
    3.2840    3.3340    3.5550    4.4630    0.5940    0.5290    0.6480    0.4380    0.5290    0.4880   20.0000    4.0000
    3.6880    3.8590    4.1920    5.6330    0.6400    0.4640    0.7320    0.4250    0.4640    0.3030   60.0000    1.0000
    3.2290    3.1160    3.3190    4.7250    0.8160    0.4880    0.6500    0.4080    0.4880    0.3890   40.0000    2.0000
    2.8730    2.8960    2.8630    4.3290    1.0340    0.4680    0.7170    0.4200    0.4680    0.3750   30.0000    1.0000
    3.5640    3.6790    3.8020    5.0420    0.7150    0.5100    0.6930    0.4270    0.5100    0.3940   30.0000    3.0000
    3.2700    3.2940    3.7790    5.3700    0.6600    0.4710    0.7420    0.4300    0.4710    0.4010   60.0000    1.0000
    2.7850    2.6980    3.2750    4.2850    0.7630    0.4330    0.5960    0.3830    0.4330    0.4390   30.0000    1.0000
    3.1310    3.1940    3.0730    4.7770    0.8190    0.5110    0.6530    0.4070    0.5110    0.4790   50.0000    3.0000
    2.8890    2.7700    2.9980    5.1690    0.8690    0.5220    0.6130    0.4210    0.5220    0.4170   20.0000    1.0000
    3.5210    3.6830    3.6650    5.3920    0.8830    0.4740    0.6500    0.3900    0.4740    0.3410   60.0000    1.0000
    3.5120    3.3060    3.8570    4.8310    0.8400    0.4500    0.6520    0.3940    0.4500    0.4060   30.0000    1.0000
    3.2090    3.2220    3.4020    4.9370    0.7070    0.5620    0.7240    0.4730    0.5620    0.4590   60.0000    1.0000
    3.1170    3.1160    3.4160    4.8530    1.0060    0.4850    0.6720    0.4550    0.4850    0.3960   30.0000    4.0000
    3.5240    3.5390    3.7920    5.2540    0.8390    0.5240    0.6800    0.4310    0.5240    0.3730   30.0000    3.0000
    3.0310    2.9970    3.5400    4.8760    0.8750    0.4360    0.6630    0.4020    0.4360    0.4390   70.0000    1.0000
    3.2230    3.4020    3.6360    5.9070    0.7350    0.4350    0.6560    0.4240    0.4350    0.3720   60.0000    1.0000
    3.0540    3.2150    3.4180    4.8360    0.6740    0.4610    0.5270    0.3890    0.4610    0.4410   40.0000    1.0000
    4.1330    4.0890    4.3970    5.6000    0.7020    0.4420    0.5590    0.3320    0.4420    0.4930   70.0000    1.0000
    3.4620    3.5650    3.9250    5.3270    0.8070    0.4980    0.7120    0.4240    0.4980    0.3900   30.0000    4.0000
    2.5420    2.5970    3.0160    5.0760    0.7080    0.4800    0.7590    0.4220    0.4800    0.4360   70.0000    1.0000
    3.5070    3.7750    3.8200    5.1180    0.8740    0.5020    0.5680    0.4410    0.5020    0.4230   50.0000    1.0000
    3.4000    3.6330    3.7440    5.5170    0.7880    0.4080    0.7110    0.4210    0.4080    0.3900   70.0000    1.0000
    3.3000    3.5850    3.6970    5.1310    1.0030    0.4880    0.6330    0.3620    0.4880    0.4350   20.0000    1.0000
    3.8190    3.9780    4.2120    5.0550    0.9920    0.4970    0.6660    0.4060    0.4970    0.5060   70.0000    1.0000
    3.5900    3.6790    3.8400    5.5890    0.9530    0.4070    0.7230    0.4200    0.4070    0.4140   40.0000    1.0000
    3.2270    3.2880    3.4020    5.1260    0.7850    0.4300    0.7100    0.3910    0.4300    0.3540   70.0000    1.0000
    3.8160    3.6870    4.0800    5.5820    0.6790    0.4230    0.5060    0.3350    0.4230    0.4280   70.0000    1.0000
    3.9560    3.9960    4.0310    6.2010    0.7110    0.5180    0.7530    0.4070    0.5180    0.4600   50.0000    1.0000
    3.1980    3.2380    3.3970    5.0970    0.8240    0.4870    0.6720    0.3790    0.4870    0.3640   50.0000    1.0000
    3.8600    3.7440    3.9270    4.9300    0.8890    0.4700    0.7040    0.4560    0.4700    0.4320   70.0000    1.0000
    3.2200    3.2040    3.7480    5.0630    0.7320    0.4930    0.6230    0.4190    0.4930    0.4690   50.0000    1.0000
    3.5950    3.7330    3.6680    5.0020    0.7660    0.5020    0.6400    0.3840    0.5020    0.4350   50.0000    1.0000
    3.2020    3.3490    3.6590    5.0290    0.6550    0.4870    0.6920    0.3820    0.4870    0.4960   50.0000    1.0000
    2.8800    3.0640    3.3040    4.6820    0.8770    0.4010    0.5830    0.3270    0.4010    0.3810   30.0000    1.0000
    3.7060    3.5020    3.7770    4.9380    0.7590    0.4330    0.5870    0.3790    0.4330    0.3270   30.0000    1.0000
    2.9560    3.1990    3.3420    5.0070    0.9310    0.5180    0.6900    0.4200    0.5180    0.5300   30.0000    1.0000
    3.9190    3.9840    4.3190    5.8610    0.7960    0.4040    0.5870    0.2840    0.4040    0.3180   60.0000    1.0000
    2.7540    3.0960    3.2320    4.9490    0.6770    0.4820    0.6070    0.3930    0.4820    0.3760   70.0000    1.0000
    3.4190    3.4470    3.7190    5.0660    0.9580    0.4960    0.7710    0.4110    0.4960    0.4030   20.0000    4.0000
    3.0610    3.0940    3.3000    4.9830    0.8380    0.4900    0.7180    0.4320    0.4900    0.3770   20.0000    1.0000
    2.8980    3.0460    3.3260    4.5220    0.9610    0.3970    0.6390    0.3300    0.3970    0.3720   20.0000    1.0000
    3.0270    3.0570    3.1760    4.7440    0.5630    0.5470    0.6420    0.4210    0.5470    0.4490   40.0000    1.0000
    3.2160    3.3340    3.3870    4.1630    0.6200    0.4630    0.6000    0.3930    0.4630    0.3130   60.0000    1.0000
    2.6600    3.0600    3.0460    4.0730    0.6700    0.6150    0.7910    0.5150    0.6150    0.4310   60.0000    3.0000
    3.7220    3.7760    3.9720    5.9740    0.8200    0.4770    0.7010    0.4250    0.4770    0.3460   60.0000    1.0000
    3.2300    3.3490    3.6910    4.7600    0.6020    0.4430    0.6520    0.4150    0.4430    0.5290   20.0000    4.0000
    3.2420    3.3670    3.6970    4.6110    0.8620    0.4510    0.6090    0.3560    0.4510    0.4110   70.0000    1.0000
    3.4060    3.2840    3.7810    5.0050    0.7400    0.4290    0.6530    0.3440    0.4290    0.3590   70.0000    1.0000
    3.7770    3.7840    4.2020    5.7320    0.6940    0.2900    0.5520    0.3190    0.2900    0.3010   60.0000    1.0000
    3.3590    3.3380    3.6300    5.1220    0.7370    0.4580    0.6290    0.4030    0.4580    0.5270   70.0000    1.0000
    3.0060    2.8130    3.2640    4.7280    0.7300    0.5060    0.7780    0.4740    0.5060    0.5270   50.0000    1.0000
    3.4690    3.2930    3.5410    5.1180    0.8770    0.5030    0.6430    0.3810    0.5030    0.4630   60.0000    3.0000
    3.8760    4.0190    4.0320    6.1240    0.8650    0.4210    0.6400    0.4050    0.4210    0.3860   40.0000    1.0000
    2.8750    2.7780    3.2570    4.0900    0.6890    0.4600    0.6680    0.4280    0.4600    0.3570   40.0000    1.0000
    3.4070    3.5420    3.7290    5.6420    0.5230    0.4670    0.5830    0.4030    0.4670    0.4990   20.0000    3.0000
    3.4800    3.3400    3.5650    5.2390    0.8250    0.4750    0.7130    0.3770    0.4750    0.4740   50.0000    1.0000
    3.1730    3.0400    3.4100    4.9460    0.9510    0.4740    0.5990    0.4240    0.4740    0.4530   20.0000    1.0000
    3.6930    3.7050    4.0530    5.2350    0.7440    0.4730    0.5510    0.3710    0.4730    0.4030   30.0000    1.0000
    3.9770    3.8520    4.1660    5.5970    0.8520    0.4290    0.5890    0.3540    0.4290    0.3480   20.0000    5.0000
    3.6780    3.7420    3.9450    5.8370    0.7960    0.4890    0.6100    0.3380    0.4890    0.3550   30.0000    1.0000
    3.2220    3.1190    3.2240    4.7160    0.6590    0.5420    0.7100    0.4870    0.5420    0.4190   30.0000    1.0000
    3.0620    3.0580    3.1890    4.6000    0.4850    0.4750    0.7040    0.4260    0.4750    0.4430   30.0000    1.0000
    3.5120    3.2770    3.2400    4.8040    0.6760    0.5410    0.6710    0.4310    0.5410    0.3330   30.0000    3.0000
    3.4250    3.4750    3.9110    4.9460    0.8560    0.5410    0.6390    0.4410    0.5410    0.4310   20.0000    4.0000
    3.4530    3.6850    3.9850    4.8090    0.5880    0.4760    0.6700    0.3980    0.4760    0.3920   30.0000    4.0000
    3.3100    3.4940    3.6720    4.9020    0.6840    0.4750    0.6610    0.3830    0.4750    0.4880   40.0000    1.0000
    3.1300    3.2670    3.3650    4.8440    0.7110    0.4620    0.6740    0.4070    0.4620    0.4310   20.0000    4.0000
    3.0690    3.0310    3.1890    4.5420    0.7170    0.4410    0.5550    0.3390    0.4410    0.3470   50.0000    1.0000
    3.1830    3.3580    3.6370    4.8890    0.5900    0.4370    0.6080    0.4360    0.4370    0.4190   50.0000    1.0000
    3.0210    3.0610    3.2170    4.8840    0.7490    0.5170    0.7470    0.4720    0.5170    0.3960   70.0000    1.0000
    3.5570    3.5580    3.6180    4.6680    0.6210    0.4300    0.4850    0.3380    0.4300    0.2990   60.0000    2.0000
    3.2150    3.3530    3.5050    5.6040    0.9980    0.4940    0.6960    0.4060    0.4940    0.3980   20.0000    5.0000
    3.3580    3.4110    3.8930    4.9210    0.9460    0.4220    0.6210    0.3840    0.4220    0.4170   70.0000    1.0000
    3.6290    3.7130    4.1210    5.9520    0.7270    0.4570    0.6930    0.3760    0.4570    0.3770   50.0000    1.0000

